11 12
4.93 0.10 -0.88 0.13 -0.55 1.22 -0.12 0.11 -0.86 -0.05 0.24 -0.40
0.71 5.64 -0.60 0.41 0.41 0.29 0.00 -0.40 -0.39 -0.51 0.48 -0.73
-0.26 1.30 6.01 -0.47 0.65 -0.84 -0.05 -0.72 -0.07 -0.31 -0.27 -0.39
0.15 0.48 -0.51 4.11 -0.47 -0.03 0.05 0.15 0.80 0.44 0.35 0.21
-0.57 0.02 0.35 -0.02 4.68 -0.07 -0.87 0.33 0.34 0.21 0.06 0.38
0.60 -0.30 -0.17 -0.20 -0.24 4.85 0.38 0.01 0.38 -0.85 -0.35 0.29
-0.11 -0.07 -0.26 -0.30 0.55 -0.24 3.76 0.57 -0.26 0.35 -0.25 -0.24
-0.28 0.04 -0.17 0.22 -0.35 -0.01 -0.46 3.59 -0.80 -0.42 -0.10 -1.64
0.56 1.12 0.27 -0.70 0.14 0.09 0.19 -0.28 4.32 -0.24 0.09 0.21
-0.07 -0.08 -0.49 0.48 -0.36 0.34 -0.02 -0.12 0.33 4.39 0.87 0.54
0.04 0.29 0.30 -0.27 -0.68 -0.08 -0.49 0.18 0.31 -0.75 4.15 0.61
